0.000000	-0.100000	0.500000
0.000100	-0.100470	0.499990
0.000200	-0.100941	0.499980
0.000300	-0.101411	0.499970
0.000400	-0.101881	0.499960
0.000500	-0.102351	0.499949
0.000600	-0.102822	0.499939
0.000700	-0.103292	0.499929
0.000800	-0.103762	0.499918
0.000900	-0.104232	0.499908
0.001000	-0.104703	0.499898
0.001100	-0.105173	0.499887
0.001200	-0.105643	0.499877
0.001300	-0.106113	0.499866
0.001400	-0.106584	0.499855
0.001500	-0.107054	0.499845
0.001600	-0.107524	0.499834
0.001700	-0.107994	0.499823
0.001800	-0.108464	0.499812
0.001900	-0.108934	0.499802
0.002000	-0.109405	0.499791
0.002100	-0.109875	0.499780
0.002200	-0.110345	0.499769
0.002300	-0.110815	0.499758
0.002400	-0.111285	0.499746
0.002500	-0.111755	0.499735
0.002600	-0.112225	0.499724
0.002700	-0.112695	0.499713
0.002800	-0.113165	0.499702
0.002900	-0.113635	0.499690
0.003000	-0.114105	0.499679
0.003100	-0.114575	0.499667
0.003200	-0.115045	0.499656
0.003300	-0.115516	0.499644
0.003400	-0.115986	0.499633
0.003500	-0.116456	0.499621
0.003600	-0.116925	0.499610
0.003700	-0.117395	0.499598
0.003800	-0.117865	0.499586
0.003900	-0.118335	0.499574
0.004000	-0.118805	0.499562
0.004100	-0.119275	0.499550
0.004200	-0.119745	0.499539
0.004300	-0.120215	0.499527
0.004400	-0.120685	0.499514
0.004500	-0.121155	0.499502
0.004600	-0.121625	0.499490
0.004700	-0.122095	0.499478
0.004800	-0.122565	0.499466
0.004900	-0.123034	0.499454
0.005000	-0.123504	0.499441
0.005100	-0.123974	0.499429
0.005200	-0.124444	0.499416
0.005300	-0.124914	0.499404
0.005400	-0.125383	0.499391
0.005500	-0.125853	0.499379
0.005600	-0.126323	0.499366
0.005700	-0.126793	0.499354
0.005800	-0.127263	0.499341
0.005900	-0.127732	0.499328
0.006000	-0.128202	0.499315
0.006100	-0.128672	0.499303
0.006200	-0.129141	0.499290
0.006300	-0.129611	0.499277
0.006400	-0.130081	0.499264
0.006500	-0.130551	0.499251
0.006600	-0.131020	0.499238
0.006700	-0.131490	0.499224
0.006800	-0.131959	0.499211
0.006900	-0.132429	0.499198
0.007000	-0.132899	0.499185
0.007100	-0.133368	0.499172
0.007200	-0.133838	0.499158
0.007300	-0.134308	0.499145
0.007400	-0.134777	0.499131
0.007500	-0.135247	0.499118
0.007600	-0.135716	0.499104
0.007700	-0.136186	0.499091
0.007800	-0.136655	0.499077
0.007900	-0.137125	0.499063
0.008000	-0.137594	0.499050
0.008100	-0.138064	0.499036
0.008200	-0.138533	0.499022
0.008300	-0.139003	0.499008
0.008400	-0.139472	0.498994
0.008500	-0.139942	0.498980
0.008600	-0.140411	0.498966
0.008700	-0.140881	0.498952
0.008800	-0.141350	0.498938
0.008900	-0.141819	0.498924
0.009000	-0.142289	0.498910
0.009100	-0.142758	0.498895
0.009200	-0.143227	0.498881
0.009300	-0.143697	0.498867
0.009400	-0.144166	0.498852
0.009500	-0.144635	0.498838
0.009600	-0.145105	0.498823
0.009700	-0.145574	0.498809
0.009800	-0.146043	0.498794
0.009900	-0.146513	0.498780
0.010000	-0.146982	0.498765
0.010100	-0.147451	0.498750
0.010200	-0.147920	0.498736
0.010300	-0.148390	0.498721
0.010400	-0.148859	0.498706
0.010500	-0.149328	0.498691
0.010600	-0.149797	0.498676
0.010700	-0.150266	0.498661
0.010800	-0.150735	0.498646
0.010900	-0.151205	0.498631
0.011000	-0.151674	0.498616
0.011100	-0.152143	0.498600
0.011200	-0.152612	0.498585
0.011300	-0.153081	0.498570
0.011400	-0.153550	0.498555
0.011500	-0.154019	0.498539
0.011600	-0.154488	0.498524
0.011700	-0.154957	0.498508
0.011800	-0.155426	0.498493
0.011900	-0.155895	0.498477
0.012000	-0.156364	0.498462
0.012100	-0.156833	0.498446
0.012200	-0.157302	0.498430
0.012300	-0.157771	0.498415
0.012400	-0.158240	0.498399
0.012500	-0.158709	0.498383
0.012600	-0.159178	0.498367
0.012700	-0.159647	0.498351
0.012800	-0.160116	0.498335
0.012900	-0.160585	0.498319
0.013000	-0.161054	0.498303
0.013100	-0.161522	0.498287
0.013200	-0.161991	0.498271
0.013300	-0.162460	0.498254
0.013400	-0.162929	0.498238
0.013500	-0.163398	0.498222
0.013600	-0.163866	0.498205
0.013700	-0.164335	0.498189
0.013800	-0.164804	0.498173
0.013900	-0.165273	0.498156
0.014000	-0.165741	0.498140
0.014100	-0.166210	0.498123
0.014200	-0.166679	0.498106
0.014300	-0.167147	0.498090
0.014400	-0.167616	0.498073
0.014500	-0.168085	0.498056
0.014600	-0.168553	0.498039
0.014700	-0.169022	0.498022
0.014800	-0.169491	0.498005
0.014900	-0.169959	0.497988
0.015000	-0.170428	0.497971
0.015100	-0.170896	0.497954
0.015200	-0.171365	0.497937
0.015300	-0.171833	0.497920
0.015400	-0.172302	0.497903
0.015500	-0.172770	0.497886
0.015600	-0.173239	0.497868
0.015700	-0.173707	0.497851
0.015800	-0.174176	0.497834
0.015900	-0.174644	0.497816
0.016000	-0.175113	0.497799
0.016100	-0.175581	0.497781
0.016200	-0.176050	0.497764
0.016300	-0.176518	0.497746
0.016400	-0.176986	0.497728
0.016500	-0.177455	0.497711
0.016600	-0.177923	0.497693
0.016700	-0.178391	0.497675
0.016800	-0.178860	0.497657
0.016900	-0.179328	0.497639
0.017000	-0.179796	0.497621
0.017100	-0.180264	0.497603
0.017200	-0.180733	0.497585
0.017300	-0.181201	0.497567
0.017400	-0.181669	0.497549
0.017500	-0.182137	0.497531
0.017600	-0.182606	0.497513
0.017700	-0.183074	0.497494
0.017800	-0.183542	0.497476
0.017900	-0.184010	0.497458
0.018000	-0.184478	0.497439
0.018100	-0.184946	0.497421
0.018200	-0.185414	0.497402
0.018300	-0.185882	0.497384
0.018400	-0.186350	0.497365
0.018500	-0.186818	0.497346
0.018600	-0.187286	0.497328
0.018700	-0.187754	0.497309
0.018800	-0.188222	0.497290
0.018900	-0.188690	0.497271
0.019000	-0.189158	0.497252
0.019100	-0.189626	0.497233
0.019200	-0.190094	0.497214
0.019300	-0.190562	0.497195
0.019400	-0.191030	0.497176
0.019500	-0.191498	0.497157
0.019600	-0.191966	0.497138
0.019700	-0.192434	0.497119
0.019800	-0.192901	0.497099
0.019900	-0.193369	0.497080
0.020000	-0.193837	0.497061
0.020100	-0.194305	0.497041
0.020200	-0.194773	0.497022
0.020300	-0.195240	0.497002
0.020400	-0.195708	0.496983
0.020500	-0.196176	0.496963
0.020600	-0.196643	0.496944
0.020700	-0.197111	0.496924
0.020800	-0.197579	0.496904
0.020900	-0.198046	0.496884
0.021000	-0.198514	0.496865
0.021100	-0.198982	0.496845
0.021200	-0.199449	0.496825
0.021300	-0.199917	0.496805
0.021400	-0.200384	0.496785
0.021500	-0.200852	0.496765
0.021600	-0.201319	0.496745
0.021700	-0.201787	0.496725
0.021800	-0.202254	0.496704
0.021900	-0.202722	0.496684
0.022000	-0.203189	0.496664
0.022100	-0.203657	0.496643
0.022200	-0.204124	0.496623
0.022300	-0.204592	0.496603
0.022400	-0.205059	0.496582
0.022500	-0.205526	0.496562
0.022600	-0.205994	0.496541
0.022700	-0.206461	0.496520
0.022800	-0.206928	0.496500
0.022900	-0.207396	0.496479
0.023000	-0.207863	0.496458
0.023100	-0.208330	0.496437
0.023200	-0.208797	0.496417
0.023300	-0.209265	0.496396
0.023400	-0.209732	0.496375
0.023500	-0.210199	0.496354
0.023600	-0.210666	0.496333
0.023700	-0.211133	0.496312
0.023800	-0.211600	0.496290
0.023900	-0.212068	0.496269
0.024000	-0.212535	0.496248
0.024100	-0.213002	0.496227
0.024200	-0.213469	0.496205
0.024300	-0.213936	0.496184
0.024400	-0.214403	0.496163
0.024500	-0.214870	0.496141
0.024600	-0.215337	0.496120
0.024700	-0.215804	0.496098
0.024800	-0.216271	0.496077
0.024900	-0.216738	0.496055
0.025000	-0.217205	0.496033
0.025100	-0.217671	0.496011
0.025200	-0.218138	0.495990
0.025300	-0.218605	0.495968
0.025400	-0.219072	0.495946
0.025500	-0.219539	0.495924
0.025600	-0.220006	0.495902
0.025700	-0.220472	0.495880
0.025800	-0.220939	0.495858
0.025900	-0.221406	0.495836
0.026000	-0.221873	0.495814
0.026100	-0.222339	0.495791
0.026200	-0.222806	0.495769
0.026300	-0.223273	0.495747
0.026400	-0.223739	0.495725
0.026500	-0.224206	0.495702
0.026600	-0.224672	0.495680
0.026700	-0.225139	0.495657
0.026800	-0.225606	0.495635
0.026900	-0.226072	0.495612
0.027000	-0.226539	0.495589
0.027100	-0.227005	0.495567
0.027200	-0.227472	0.495544
0.027300	-0.227938	0.495521
0.027400	-0.228405	0.495498
0.027500	-0.228871	0.495476
0.027600	-0.229337	0.495453
0.027700	-0.229804	0.495430
0.027800	-0.230270	0.495407
0.027900	-0.230737	0.495384
0.028000	-0.231203	0.495361
0.028100	-0.231669	0.495337
0.028200	-0.232135	0.495314
0.028300	-0.232602	0.495291
0.028400	-0.233068	0.495268
0.028500	-0.233534	0.495244
0.028600	-0.234000	0.495221
0.028700	-0.234467	0.495198
0.028800	-0.234933	0.495174
0.028900	-0.235399	0.495151
0.029000	-0.235865	0.495127
0.029100	-0.236331	0.495103
0.029200	-0.236797	0.495080
0.029300	-0.237263	0.495056
0.029400	-0.237729	0.495032
0.029500	-0.238195	0.495008
0.029600	-0.238661	0.494985
0.029700	-0.239127	0.494961
0.029800	-0.239593	0.494937
0.029900	-0.240059	0.494913
0.030000	-0.240525	0.494889
0.030100	-0.240991	0.494865
0.030200	-0.241457	0.494841
0.030300	-0.241923	0.494816
0.030400	-0.242389	0.494792
0.030500	-0.242854	0.494768
0.030600	-0.243320	0.494744
0.030700	-0.243786	0.494719
0.030800	-0.244252	0.494695
0.030900	-0.244717	0.494670
0.031000	-0.245183	0.494646
0.031100	-0.245649	0.494621
0.031200	-0.246115	0.494597
0.031300	-0.246580	0.494572
0.031400	-0.247046	0.494548
0.031500	-0.247511	0.494523
0.031600	-0.247977	0.494498
0.031700	-0.248443	0.494473
0.031800	-0.248908	0.494448
0.031900	-0.249374	0.494423
0.032000	-0.249839	0.494398
0.032100	-0.250305	0.494373
0.032200	-0.250770	0.494348
0.032300	-0.251236	0.494323
0.032400	-0.251701	0.494298
0.032500	-0.252166	0.494273
0.032600	-0.252632	0.494248
0.032700	-0.253097	0.494222
0.032800	-0.253562	0.494197
0.032900	-0.254028	0.494172
0.033000	-0.254493	0.494146
0.033100	-0.254958	0.494121
0.033200	-0.255423	0.494095
0.033300	-0.255889	0.494070
0.033400	-0.256354	0.494044
0.033500	-0.256819	0.494018
0.033600	-0.257284	0.493993
0.033700	-0.257749	0.493967
0.033800	-0.258214	0.493941
0.033900	-0.258679	0.493915
0.034000	-0.259145	0.493889
0.034100	-0.259610	0.493864
0.034200	-0.260075	0.493838
0.034300	-0.260540	0.493812
0.034400	-0.261005	0.493785
0.034500	-0.261469	0.493759
0.034600	-0.261934	0.493733
0.034700	-0.262399	0.493707
0.034800	-0.262864	0.493681
0.034900	-0.263329	0.493654
0.035000	-0.263794	0.493628
0.035100	-0.264259	0.493602
0.035200	-0.264723	0.493575
0.035300	-0.265188	0.493549
0.035400	-0.265653	0.493522
0.035500	-0.266118	0.493496
0.035600	-0.266582	0.493469
0.035700	-0.267047	0.493442
0.035800	-0.267512	0.493415
0.035900	-0.267976	0.493389
0.036000	-0.268441	0.493362
0.036100	-0.268905	0.493335
0.036200	-0.269370	0.493308
0.036300	-0.269835	0.493281
0.036400	-0.270299	0.493254
0.036500	-0.270764	0.493227
0.036600	-0.271228	0.493200
0.036700	-0.271692	0.493173
0.036800	-0.272157	0.493146
0.036900	-0.272621	0.493118
0.037000	-0.273086	0.493091
0.037100	-0.273550	0.493064
0.037200	-0.274014	0.493036
0.037300	-0.274479	0.493009
0.037400	-0.274943	0.492982
0.037500	-0.275407	0.492954
0.037600	-0.275871	0.492926
0.037700	-0.276336	0.492899
0.037800	-0.276800	0.492871
0.037900	-0.277264	0.492843
0.038000	-0.277728	0.492816
0.038100	-0.278192	0.492788
0.038200	-0.278656	0.492760
0.038300	-0.279120	0.492732
0.038400	-0.279584	0.492704
0.038500	-0.280048	0.492676
0.038600	-0.280512	0.492648
0.038700	-0.280976	0.492620
0.038800	-0.281440	0.492592
0.038900	-0.281904	0.492564
0.039000	-0.282368	0.492536
0.039100	-0.282832	0.492507
0.039200	-0.283296	0.492479
0.039300	-0.283760	0.492451
0.039400	-0.284223	0.492422
0.039500	-0.284687	0.492394
0.039600	-0.285151	0.492365
0.039700	-0.285615	0.492337
0.039800	-0.286078	0.492308
0.039900	-0.286542	0.492280
0.040000	-0.287006	0.492251
0.040100	-0.287469	0.492222
0.040200	-0.287933	0.492193
0.040300	-0.288396	0.492165
0.040400	-0.288860	0.492136
0.040500	-0.289323	0.492107
0.040600	-0.289787	0.492078
0.040700	-0.290250	0.492049
0.040800	-0.290714	0.492020
0.040900	-0.291177	0.491991
0.041000	-0.291641	0.491962
0.041100	-0.292104	0.491932
0.041200	-0.292567	0.491903
0.041300	-0.293031	0.491874
0.041400	-0.293494	0.491845
0.041500	-0.293957	0.491815
0.041600	-0.294420	0.491786
0.041700	-0.294884	0.491756
0.041800	-0.295347	0.491727
0.041900	-0.295810	0.491697
0.042000	-0.296273	0.491668
0.042100	-0.296736	0.491638
0.042200	-0.297199	0.491608
0.042300	-0.297662	0.491579
0.042400	-0.298125	0.491549
0.042500	-0.298589	0.491519
0.042600	-0.299051	0.491489
0.042700	-0.299514	0.491459
0.042800	-0.299977	0.491429
0.042900	-0.300440	0.491399
0.043000	-0.300903	0.491369
0.043100	-0.301366	0.491339
0.043200	-0.301829	0.491309
0.043300	-0.302292	0.491279
0.043400	-0.302754	0.491248
0.043500	-0.303217	0.491218
0.043600	-0.303680	0.491188
0.043700	-0.304143	0.491157
0.043800	-0.304605	0.491127
0.043900	-0.305068	0.491096
0.044000	-0.305531	0.491066
0.044100	-0.305993	0.491035
0.044200	-0.306456	0.491005
0.044300	-0.306918	0.490974
0.044400	-0.307381	0.490943
0.044500	-0.307843	0.490913
0.044600	-0.308306	0.490882
0.044700	-0.308768	0.490851
0.044800	-0.309231	0.490820
0.044900	-0.309693	0.490789
0.045000	-0.310155	0.490758
0.045100	-0.310618	0.490727
0.045200	-0.311080	0.490696
0.045300	-0.311542	0.490665
0.045400	-0.312004	0.490634
0.045500	-0.312467	0.490602
0.045600	-0.312929	0.490571
0.045700	-0.313391	0.490540
0.045800	-0.313853	0.490508
0.045900	-0.314315	0.490477
0.046000	-0.314777	0.490446
0.046100	-0.315239	0.490414
0.046200	-0.315701	0.490383
0.046300	-0.316163	0.490351
0.046400	-0.316625	0.490319
0.046500	-0.317087	0.490288
0.046600	-0.317549	0.490256
0.046700	-0.318011	0.490224
0.046800	-0.318473	0.490192
0.046900	-0.318935	0.490160
0.047000	-0.319397	0.490128
0.047100	-0.319858	0.490097
0.047200	-0.320320	0.490065
0.047300	-0.320782	0.490032
0.047400	-0.321244	0.490000
0.047500	-0.321705	0.489968
0.047600	-0.322167	0.489936
0.047700	-0.322629	0.489904
0.047800	-0.323090	0.489871
0.047900	-0.323552	0.489839
0.048000	-0.324013	0.489807
0.048100	-0.324475	0.489774
0.048200	-0.324936	0.489742
0.048300	-0.325398	0.489709
0.048400	-0.325859	0.489677
0.048500	-0.326320	0.489644
0.048600	-0.326782	0.489612
0.048700	-0.327243	0.489579
0.048800	-0.327704	0.489546
0.048900	-0.328166	0.489513
0.049000	-0.328627	0.489480
0.049100	-0.329088	0.489448
0.049200	-0.329549	0.489415
0.049300	-0.330011	0.489382
0.049400	-0.330472	0.489349
0.049500	-0.330933	0.489316
0.049600	-0.331394	0.489282
0.049700	-0.331855	0.489249
0.049800	-0.332316	0.489216
0.049900	-0.332777	0.489183
0.050000	-0.333238	0.489150
0.050100	-0.333699	0.489116
0.050200	-0.334160	0.489083
0.050300	-0.334621	0.489049
0.050400	-0.335081	0.489016
0.050500	-0.335542	0.488982
0.050600	-0.336003	0.488949
0.050700	-0.336464	0.488915
0.050800	-0.336925	0.488881
0.050900	-0.337385	0.488848
0.051000	-0.337846	0.488814
0.051100	-0.338307	0.488780
0.051200	-0.338767	0.488746
0.051300	-0.339228	0.488712
0.051400	-0.339688	0.488678
0.051500	-0.340149	0.488644
0.051600	-0.340609	0.488610
0.051700	-0.341070	0.488576
0.051800	-0.341530	0.488542
0.051900	-0.341991	0.488508
0.052000	-0.342451	0.488474
0.052100	-0.342911	0.488440
0.052200	-0.343372	0.488405
0.052300	-0.343832	0.488371
0.052400	-0.344292	0.488336
0.052500	-0.344752	0.488302
0.052600	-0.345213	0.488268
0.052700	-0.345673	0.488233
0.052800	-0.346133	0.488198
0.052900	-0.346593	0.488164
0.053000	-0.347053	0.488129
0.053100	-0.347513	0.488094
0.053200	-0.347973	0.488060
0.053300	-0.348433	0.488025
0.053400	-0.348893	0.487990
0.053500	-0.349353	0.487955
0.053600	-0.349813	0.487920
0.053700	-0.350273	0.487885
0.053800	-0.350733	0.487850
0.053900	-0.351193	0.487815
0.054000	-0.351652	0.487780
0.054100	-0.352112	0.487745
0.054200	-0.352572	0.487709
0.054300	-0.353031	0.487674
0.054400	-0.353491	0.487639
0.054500	-0.353951	0.487603
0.054600	-0.354410	0.487568
0.054700	-0.354870	0.487532
0.054800	-0.355329	0.487497
0.054900	-0.355789	0.487461
0.055000	-0.356248	0.487426
0.055100	-0.356708	0.487390
0.055200	-0.357167	0.487354
0.055300	-0.357627	0.487319
0.055400	-0.358086	0.487283
0.055500	-0.358545	0.487247
0.055600	-0.359005	0.487211
0.055700	-0.359464	0.487175
0.055800	-0.359923	0.487139
0.055900	-0.360382	0.487103
0.056000	-0.360841	0.487067
0.056100	-0.361300	0.487031
0.056200	-0.361760	0.486995
0.056300	-0.362219	0.486959
0.056400	-0.362678	0.486923
0.056500	-0.363137	0.486886
0.056600	-0.363596	0.486850
0.056700	-0.364055	0.486814
0.056800	-0.364514	0.486777
0.056900	-0.364972	0.486741
0.057000	-0.365431	0.486704
0.057100	-0.365890	0.486668
0.057200	-0.366349	0.486631
0.057300	-0.366808	0.486594
0.057400	-0.367266	0.486558
0.057500	-0.367725	0.486521
0.057600	-0.368184	0.486484
0.057700	-0.368642	0.486447
0.057800	-0.369101	0.486410
0.057900	-0.369559	0.486373
0.058000	-0.370018	0.486336
0.058100	-0.370476	0.486299
0.058200	-0.370935	0.486262
0.058300	-0.371393	0.486225
0.058400	-0.371852	0.486188
0.058500	-0.372310	0.486151
0.058600	-0.372768	0.486114
0.058700	-0.373227	0.486076
0.058800	-0.373685	0.486039
0.058900	-0.374143	0.486002
0.059000	-0.374601	0.485964
0.059100	-0.375060	0.485927
0.059200	-0.375518	0.485889
0.059300	-0.375976	0.485851
0.059400	-0.376434	0.485814
0.059500	-0.376892	0.485776
0.059600	-0.377350	0.485738
0.059700	-0.377808	0.485701
0.059800	-0.378266	0.485663
0.059900	-0.378724	0.485625
0.060000	-0.379182	0.485587
0.060100	-0.379639	0.485549
0.060200	-0.380097	0.485511
0.060300	-0.380555	0.485473
0.060400	-0.381013	0.485435
0.060500	-0.381471	0.485397
0.060600	-0.381928	0.485359
0.060700	-0.382386	0.485321
0.060800	-0.382843	0.485282
0.060900	-0.383301	0.485244
0.061000	-0.383759	0.485206
0.061100	-0.384216	0.485167
0.061200	-0.384674	0.485129
0.061300	-0.385131	0.485090
0.061400	-0.385588	0.485052
0.061500	-0.386046	0.485013
0.061600	-0.386503	0.484975
0.061700	-0.386960	0.484936
0.061800	-0.387418	0.484897
0.061900	-0.387875	0.484858
0.062000	-0.388332	0.484820
0.062100	-0.388789	0.484781
0.062200	-0.389247	0.484742
0.062300	-0.389704	0.484703
0.062400	-0.390161	0.484664
0.062500	-0.390618	0.484625
0.062600	-0.391075	0.484586
0.062700	-0.391532	0.484547
0.062800	-0.391989	0.484508
0.062900	-0.392446	0.484468
0.063000	-0.392902	0.484429
0.063100	-0.393359	0.484390
0.063200	-0.393816	0.484350
0.063300	-0.394273	0.484311
0.063400	-0.394730	0.484272
0.063500	-0.395186	0.484232
0.063600	-0.395643	0.484192
0.063700	-0.396100	0.484153
0.063800	-0.396556	0.484113
0.063900	-0.397013	0.484074
0.064000	-0.397469	0.484034
0.064100	-0.397926	0.483994
0.064200	-0.398382	0.483954
0.064300	-0.398839	0.483914
0.064400	-0.399295	0.483875
0.064500	-0.399751	0.483835
0.064600	-0.400208	0.483795
0.064700	-0.400664	0.483755
0.064800	-0.401120	0.483714
0.064900	-0.401576	0.483674
0.065000	-0.402033	0.483634
0.065100	-0.402489	0.483594
0.065200	-0.402945	0.483554
0.065300	-0.403401	0.483513
0.065400	-0.403857	0.483473
0.065500	-0.404313	0.483433
0.065600	-0.404769	0.483392
0.065700	-0.405225	0.483352
0.065800	-0.405681	0.483311
0.065900	-0.406137	0.483270
0.066000	-0.406593	0.483230
0.066100	-0.407048	0.483189
0.066200	-0.407504	0.483148
0.066300	-0.407960	0.483108
0.066400	-0.408416	0.483067
0.066500	-0.408871	0.483026
0.066600	-0.409327	0.482985
0.066700	-0.409782	0.482944
0.066800	-0.410238	0.482903
0.066900	-0.410693	0.482862
0.067000	-0.411149	0.482821
0.067100	-0.411604	0.482780
0.067200	-0.412060	0.482739
0.067300	-0.412515	0.482697
0.067400	-0.412970	0.482656
0.067500	-0.413426	0.482615
0.067600	-0.413881	0.482573
0.067700	-0.414336	0.482532
0.067800	-0.414791	0.482491
0.067900	-0.415247	0.482449
0.068000	-0.415702	0.482407
0.068100	-0.416157	0.482366
0.068200	-0.416612	0.482324
0.068300	-0.417067	0.482283
0.068400	-0.417522	0.482241
0.068500	-0.417977	0.482199
0.068600	-0.418432	0.482157
0.068700	-0.418887	0.482115
0.068800	-0.419341	0.482073
0.068900	-0.419796	0.482032
0.069000	-0.420251	0.481990
0.069100	-0.420706	0.481947
0.069200	-0.421160	0.481905
0.069300	-0.421615	0.481863
0.069400	-0.422070	0.481821
0.069500	-0.422524	0.481779
0.069600	-0.422979	0.481737
0.069700	-0.423433	0.481694
0.069800	-0.423888	0.481652
0.069900	-0.424342	0.481609
0.070000	-0.424796	0.481567
0.070100	-0.425251	0.481524
0.070200	-0.425705	0.481482
0.070300	-0.426159	0.481439
0.070400	-0.426614	0.481397
0.070500	-0.427068	0.481354
0.070600	-0.427522	0.481311
0.070700	-0.427976	0.481269
0.070800	-0.428430	0.481226
0.070900	-0.428884	0.481183
0.071000	-0.429338	0.481140
0.071100	-0.429792	0.481097
0.071200	-0.430246	0.481054
0.071300	-0.430700	0.481011
0.071400	-0.431154	0.480968
0.071500	-0.431608	0.480925
0.071600	-0.432062	0.480882
0.071700	-0.432515	0.480838
0.071800	-0.432969	0.480795
0.071900	-0.433423	0.480752
0.072000	-0.433876	0.480708
0.072100	-0.434330	0.480665
0.072200	-0.434784	0.480621
0.072300	-0.435237	0.480578
0.072400	-0.435691	0.480534
0.072500	-0.436144	0.480491
0.072600	-0.436597	0.480447
0.072700	-0.437051	0.480403
0.072800	-0.437504	0.480360
0.072900	-0.437957	0.480316
0.073000	-0.438411	0.480272
0.073100	-0.438864	0.480228
0.073200	-0.439317	0.480184
0.073300	-0.439770	0.480140
0.073400	-0.440223	0.480096
0.073500	-0.440676	0.480052
0.073600	-0.441129	0.480008
0.073700	-0.441582	0.479964
0.073800	-0.442035	0.479920
0.073900	-0.442488	0.479876
0.074000	-0.442941	0.479832
0.074100	-0.443394	0.479787
0.074200	-0.443847	0.479743
0.074300	-0.444300	0.479698
0.074400	-0.444752	0.479654
0.074500	-0.445205	0.479609
0.074600	-0.445658	0.479565
0.074700	-0.446110	0.479520
0.074800	-0.446563	0.479476
0.074900	-0.447015	0.479431
0.075000	-0.447468	0.479386
0.075100	-0.447920	0.479342
0.075200	-0.448373	0.479297
0.075300	-0.448825	0.479252
0.075400	-0.449277	0.479207
0.075500	-0.449730	0.479162
0.075600	-0.450182	0.479117
0.075700	-0.450634	0.479072
0.075800	-0.451086	0.479027
0.075900	-0.451538	0.478982
0.076000	-0.451991	0.478937
0.076100	-0.452443	0.478891
0.076200	-0.452895	0.478846
0.076300	-0.453347	0.478801
0.076400	-0.453799	0.478755
0.076500	-0.454250	0.478710
0.076600	-0.454702	0.478665
0.076700	-0.455154	0.478619
0.076800	-0.455606	0.478574
0.076900	-0.456058	0.478528
0.077000	-0.456509	0.478482
0.077100	-0.456961	0.478437
0.077200	-0.457413	0.478391
0.077300	-0.457864	0.478345
0.077400	-0.458316	0.478299
0.077500	-0.458767	0.478253
0.077600	-0.459219	0.478208
0.077700	-0.459670	0.478162
0.077800	-0.460122	0.478116
0.077900	-0.460573	0.478070
0.078000	-0.461024	0.478024
0.078100	-0.461476	0.477977
0.078200	-0.461927	0.477931
0.078300	-0.462378	0.477885
0.078400	-0.462829	0.477839
0.078500	-0.463280	0.477792
0.078600	-0.463731	0.477746
0.078700	-0.464182	0.477700
0.078800	-0.464633	0.477653
0.078900	-0.465084	0.477607
0.079000	-0.465535	0.477560
0.079100	-0.465986	0.477514
0.079200	-0.466437	0.477467
0.079300	-0.466888	0.477420
0.079400	-0.467338	0.477374
0.079500	-0.467789	0.477327
0.079600	-0.468240	0.477280
0.079700	-0.468690	0.477233
0.079800	-0.469141	0.477186
0.079900	-0.469591	0.477139
0.080000	-0.470042	0.477092
0.080100	-0.470492	0.477045
0.080200	-0.470943	0.476998
0.080300	-0.471393	0.476951
0.080400	-0.471843	0.476904
0.080500	-0.472294	0.476857
0.080600	-0.472744	0.476810
0.080700	-0.473194	0.476762
0.080800	-0.473644	0.476715
0.080900	-0.474094	0.476668
0.081000	-0.474545	0.476620
0.081100	-0.474995	0.476573
0.081200	-0.475445	0.476525
0.081300	-0.475895	0.476478
0.081400	-0.476344	0.476430
0.081500	-0.476794	0.476382
0.081600	-0.477244	0.476335
0.081700	-0.477694	0.476287
0.081800	-0.478144	0.476239
0.081900	-0.478593	0.476191
0.082000	-0.479043	0.476143
0.082100	-0.479493	0.476095
0.082200	-0.479942	0.476047
0.082300	-0.480392	0.475999
0.082400	-0.480841	0.475951
0.082500	-0.481291	0.475903
0.082600	-0.481740	0.475855
0.082700	-0.482190	0.475807
0.082800	-0.482639	0.475759
0.082900	-0.483088	0.475710
0.083000	-0.483537	0.475662
0.083100	-0.483987	0.475614
0.083200	-0.484436	0.475565
0.083300	-0.484885	0.475517
0.083400	-0.485334	0.475468
0.083500	-0.485783	0.475420
0.083600	-0.486232	0.475371
0.083700	-0.486681	0.475323
0.083800	-0.487130	0.475274
0.083900	-0.487579	0.475225
0.084000	-0.488028	0.475176
0.084100	-0.488476	0.475127
0.084200	-0.488925	0.475079
0.084300	-0.489374	0.475030
0.084400	-0.489822	0.474981
0.084500	-0.490271	0.474932
0.084600	-0.490720	0.474883
0.084700	-0.491168	0.474834
0.084800	-0.491617	0.474784
0.084900	-0.492065	0.474735
0.085000	-0.492514	0.474686
0.085100	-0.492962	0.474637
0.085200	-0.493410	0.474587
0.085300	-0.493858	0.474538
0.085400	-0.494307	0.474489
0.085500	-0.494755	0.474439
0.085600	-0.495203	0.474390
0.085700	-0.495651	0.474340
0.085800	-0.496099	0.474291
0.085900	-0.496547	0.474241
0.086000	-0.496995	0.474191
0.086100	-0.497443	0.474142
0.086200	-0.497891	0.474092
0.086300	-0.498339	0.474042
0.086400	-0.498787	0.473992
0.086500	-0.499234	0.473942
0.086600	-0.499682	0.473892
0.086700	-0.500130	0.473842
0.086800	-0.500577	0.473792
0.086900	-0.501025	0.473742
0.087000	-0.501472	0.473692
0.087100	-0.501920	0.473642
0.087200	-0.502367	0.473592
0.087300	-0.502815	0.473541
0.087400	-0.503262	0.473491
0.087500	-0.503709	0.473441
0.087600	-0.504157	0.473390
0.087700	-0.504604	0.473340
0.087800	-0.505051	0.473289
0.087900	-0.505498	0.473239
0.088000	-0.505945	0.473188
0.088100	-0.506392	0.473138
0.088200	-0.506839	0.473087
0.088300	-0.507286	0.473036
0.088400	-0.507733	0.472986
0.088500	-0.508180	0.472935
0.088600	-0.508627	0.472884
0.088700	-0.509074	0.472833
0.088800	-0.509520	0.472782
0.088900	-0.509967	0.472731
0.089000	-0.510414	0.472680
0.089100	-0.510860	0.472629
0.089200	-0.511307	0.472578
0.089300	-0.511753	0.472527
0.089400	-0.512200	0.472476
0.089500	-0.512646	0.472424
0.089600	-0.513093	0.472373
0.089700	-0.513539	0.472322
0.089800	-0.513985	0.472270
0.089900	-0.514432	0.472219
0.090000	-0.514878	0.472168
0.090100	-0.515324	0.472116
0.090200	-0.515770	0.472064
0.090300	-0.516216	0.472013
0.090400	-0.516662	0.471961
0.090500	-0.517108	0.471910
0.090600	-0.517554	0.471858
0.090700	-0.518000	0.471806
0.090800	-0.518446	0.471754
0.090900	-0.518891	0.471702
0.091000	-0.519337	0.471650
0.091100	-0.519783	0.471598
0.091200	-0.520229	0.471546
0.091300	-0.520674	0.471494
0.091400	-0.521120	0.471442
0.091500	-0.521565	0.471390
0.091600	-0.522011	0.471338
0.091700	-0.522456	0.471286
0.091800	-0.522902	0.471234
0.091900	-0.523347	0.471181
0.092000	-0.523792	0.471129
0.092100	-0.524237	0.471076
0.092200	-0.524683	0.471024
0.092300	-0.525128	0.470972
0.092400	-0.525573	0.470919
0.092500	-0.526018	0.470866
0.092600	-0.526463	0.470814
0.092700	-0.526908	0.470761
0.092800	-0.527353	0.470708
0.092900	-0.527798	0.470656
0.093000	-0.528243	0.470603
0.093100	-0.528687	0.470550
0.093200	-0.529132	0.470497
0.093300	-0.529577	0.470444
0.093400	-0.530021	0.470391
0.093500	-0.530466	0.470338
0.093600	-0.530911	0.470285
0.093700	-0.531355	0.470232
0.093800	-0.531800	0.470179
0.093900	-0.532244	0.470126
0.094000	-0.532688	0.470072
0.094100	-0.533133	0.470019
0.094200	-0.533577	0.469966
0.094300	-0.534021	0.469912
0.094400	-0.534465	0.469859
0.094500	-0.534909	0.469805
0.094600	-0.535354	0.469752
0.094700	-0.535798	0.469698
0.094800	-0.536242	0.469645
0.094900	-0.536686	0.469591
0.095000	-0.537129	0.469537
0.095100	-0.537573	0.469484
0.095200	-0.538017	0.469430
0.095300	-0.538461	0.469376
0.095400	-0.538905	0.469322
0.095500	-0.539348	0.469268
0.095600	-0.539792	0.469214
0.095700	-0.540235	0.469160
0.095800	-0.540679	0.469106
0.095900	-0.541122	0.469052
0.096000	-0.541566	0.468998
0.096100	-0.542009	0.468944
0.096200	-0.542453	0.468890
0.096300	-0.542896	0.468835
0.096400	-0.543339	0.468781
0.096500	-0.543782	0.468727
0.096600	-0.544225	0.468672
0.096700	-0.544669	0.468618
0.096800	-0.545112	0.468563
0.096900	-0.545555	0.468509
0.097000	-0.545998	0.468454
0.097100	-0.546440	0.468400
0.097200	-0.546883	0.468345
0.097300	-0.547326	0.468290
0.097400	-0.547769	0.468236
0.097500	-0.548212	0.468181
0.097600	-0.548654	0.468126
0.097700	-0.549097	0.468071
0.097800	-0.549539	0.468016
0.097900	-0.549982	0.467961
0.098000	-0.550424	0.467906
0.098100	-0.550867	0.467851
0.098200	-0.551309	0.467796
0.098300	-0.551752	0.467741
0.098400	-0.552194	0.467686
0.098500	-0.552636	0.467630
0.098600	-0.553078	0.467575
0.098700	-0.553520	0.467520
0.098800	-0.553962	0.467464
0.098900	-0.554405	0.467409
0.099000	-0.554847	0.467353
0.099100	-0.555288	0.467298
0.099200	-0.555730	0.467242
0.099300	-0.556172	0.467187
0.099400	-0.556614	0.467131
0.099500	-0.557056	0.467076
0.099600	-0.557497	0.467020
0.099700	-0.557939	0.466964
0.099800	-0.558381	0.466908
0.099900	-0.558822	0.466852
0.100000	-0.559264	0.466796
0.100100	-0.559705	0.466740
0.100200	-0.560147	0.466684
0.100300	-0.560588	0.466628
0.100400	-0.561029	0.466572
0.100500	-0.561470	0.466516
0.100600	-0.561912	0.466460
0.100700	-0.562353	0.466404
0.100800	-0.562794	0.466348
0.100900	-0.563235	0.466291
0.101000	-0.563676	0.466235
0.101100	-0.564117	0.466179
0.101200	-0.564558	0.466122
0.101300	-0.564999	0.466066
0.101400	-0.565440	0.466009
0.101500	-0.565880	0.465953
0.101600	-0.566321	0.465896
0.101700	-0.566762	0.465839
0.101800	-0.567202	0.465783
0.101900	-0.567643	0.465726
0.102000	-0.568083	0.465669
0.102100	-0.568524	0.465612
0.102200	-0.568964	0.465555
0.102300	-0.569405	0.465498
0.102400	-0.569845	0.465441
0.102500	-0.570285	0.465384
0.102600	-0.570725	0.465327
0.102700	-0.571166	0.465270
0.102800	-0.571606	0.465213
0.102900	-0.572046	0.465156
0.103000	-0.572486	0.465099
0.103100	-0.572926	0.465042
0.103200	-0.573366	0.464984
0.103300	-0.573806	0.464927
0.103400	-0.574245	0.464869
0.103500	-0.574685	0.464812
0.103600	-0.575125	0.464755
0.103700	-0.575565	0.464697
0.103800	-0.576004	0.464639
0.103900	-0.576444	0.464582
0.104000	-0.576883	0.464524
0.104100	-0.577323	0.464466
0.104200	-0.577762	0.464409
0.104300	-0.578201	0.464351
0.104400	-0.578641	0.464293
0.104500	-0.579080	0.464235
0.104600	-0.579519	0.464177
0.104700	-0.579958	0.464119
0.104800	-0.580397	0.464061
0.104900	-0.580836	0.464003
0.105000	-0.581276	0.463945
0.105100	-0.581714	0.463887
0.105200	-0.582153	0.463829
0.105300	-0.582592	0.463770
0.105400	-0.583031	0.463712
0.105500	-0.583470	0.463654
0.105600	-0.583908	0.463595
0.105700	-0.584347	0.463537
0.105800	-0.584786	0.463479
0.105900	-0.585224	0.463420
0.106000	-0.585663	0.463362
0.106100	-0.586101	0.463303
0.106200	-0.586540	0.463244
0.106300	-0.586978	0.463186
0.106400	-0.587416	0.463127
0.106500	-0.587854	0.463068
0.106600	-0.588293	0.463009
0.106700	-0.588731	0.462951
0.106800	-0.589169	0.462892
0.106900	-0.589607	0.462833
0.107000	-0.590045	0.462774
0.107100	-0.590483	0.462715
0.107200	-0.590921	0.462656
0.107300	-0.591358	0.462596
0.107400	-0.591796	0.462537
0.107500	-0.592234	0.462478
0.107600	-0.592672	0.462419
0.107700	-0.593109	0.462360
0.107800	-0.593547	0.462300
0.107900	-0.593984	0.462241
0.108000	-0.594422	0.462181
0.108100	-0.594859	0.462122
0.108200	-0.595296	0.462062
0.108300	-0.595734	0.462003
0.108400	-0.596171	0.461943
0.108500	-0.596608	0.461884
0.108600	-0.597045	0.461824
0.108700	-0.597482	0.461764
0.108800	-0.597919	0.461705
0.108900	-0.598356	0.461645
0.109000	-0.598793	0.461585
0.109100	-0.599230	0.461525
0.109200	-0.599667	0.461465
0.109300	-0.600104	0.461405
0.109400	-0.600541	0.461345
0.109500	-0.600977	0.461285
0.109600	-0.601414	0.461225
0.109700	-0.601850	0.461165
0.109800	-0.602287	0.461104
0.109900	-0.602723	0.461044
0.110000	-0.603160	0.460984
0.110100	-0.603596	0.460924
0.110200	-0.604032	0.460863
0.110300	-0.604469	0.460803
0.110400	-0.604905	0.460742
0.110500	-0.605341	0.460682
0.110600	-0.605777	0.460621
0.110700	-0.606213	0.460561
0.110800	-0.606649	0.460500
0.110900	-0.607085	0.460439
0.111000	-0.607521	0.460379
0.111100	-0.607957	0.460318
0.111200	-0.608393	0.460257
0.111300	-0.608828	0.460196
0.111400	-0.609264	0.460135
0.111500	-0.609699	0.460074
0.111600	-0.610135	0.460013
0.111700	-0.610571	0.459952
0.111800	-0.611006	0.459891
0.111900	-0.611441	0.459830
0.112000	-0.611877	0.459769
0.112100	-0.612312	0.459708
0.112200	-0.612747	0.459646
0.112300	-0.613182	0.459585
0.112400	-0.613618	0.459524
0.112500	-0.614053	0.459462
0.112600	-0.614488	0.459401
0.112700	-0.614923	0.459339
0.112800	-0.615357	0.459278
0.112900	-0.615792	0.459216
0.113000	-0.616227	0.459155
0.113100	-0.616662	0.459093
0.113200	-0.617097	0.459031
0.113300	-0.617531	0.458970
0.113400	-0.617966	0.458908
0.113500	-0.618400	0.458846
0.113600	-0.618835	0.458784
0.113700	-0.619269	0.458722
0.113800	-0.619704	0.458660
0.113900	-0.620138	0.458598
0.114000	-0.620572	0.458536
0.114100	-0.621006	0.458474
0.114200	-0.621440	0.458412
0.114300	-0.621875	0.458350
0.114400	-0.622309	0.458288
0.114500	-0.622743	0.458226
0.114600	-0.623176	0.458163
0.114700	-0.623610	0.458101
0.114800	-0.624044	0.458039
0.114900	-0.624478	0.457976
0.115000	-0.624912	0.457914
0.115100	-0.625345	0.457851
0.115200	-0.625779	0.457789
0.115300	-0.626212	0.457726
0.115400	-0.626646	0.457663
0.115500	-0.627079	0.457601
0.115600	-0.627513	0.457538
0.115700	-0.627946	0.457475
0.115800	-0.628379	0.457412
0.115900	-0.628812	0.457349
0.116000	-0.629246	0.457287
0.116100	-0.629679	0.457224
0.116200	-0.630112	0.457161
0.116300	-0.630545	0.457098
0.116400	-0.630978	0.457035
0.116500	-0.631411	0.456971
0.116600	-0.631843	0.456908
0.116700	-0.632276	0.456845
0.116800	-0.632709	0.456782
0.116900	-0.633142	0.456718
0.117000	-0.633574	0.456655
0.117100	-0.634007	0.456592
0.117200	-0.634439	0.456528
0.117300	-0.634872	0.456465
0.117400	-0.635304	0.456401
0.117500	-0.635736	0.456338
0.117600	-0.636169	0.456274
0.117700	-0.636601	0.456211
0.117800	-0.637033	0.456147
0.117900	-0.637465	0.456083
0.118000	-0.637897	0.456019
0.118100	-0.638329	0.455956
0.118200	-0.638761	0.455892
0.118300	-0.639193	0.455828
0.118400	-0.639625	0.455764
0.118500	-0.640056	0.455700
0.118600	-0.640488	0.455636
0.118700	-0.640920	0.455572
0.118800	-0.641351	0.455508
0.118900	-0.641783	0.455444
0.119000	-0.642214	0.455379
0.119100	-0.642646	0.455315
0.119200	-0.643077	0.455251
0.119300	-0.643508	0.455187
0.119400	-0.643940	0.455122
0.119500	-0.644371	0.455058
0.119600	-0.644802	0.454993
0.119700	-0.645233	0.454929
0.119800	-0.645664	0.454864
0.119900	-0.646095	0.454800
0.120000	-0.646526	0.454735
0.120100	-0.646957	0.454670
0.120200	-0.647388	0.454606
0.120300	-0.647818	0.454541
0.120400	-0.648249	0.454476
0.120500	-0.648680	0.454411
0.120600	-0.649110	0.454346
0.120700	-0.649541	0.454281
0.120800	-0.649971	0.454216
0.120900	-0.650402	0.454151
0.121000	-0.650832	0.454086
0.121100	-0.651262	0.454021
0.121200	-0.651692	0.453956
0.121300	-0.652123	0.453891
0.121400	-0.652553	0.453826
0.121500	-0.652983	0.453760
0.121600	-0.653413	0.453695
0.121700	-0.653843	0.453630
0.121800	-0.654273	0.453564
0.121900	-0.654702	0.453499
0.122000	-0.655132	0.453433
0.122100	-0.655562	0.453368
0.122200	-0.655991	0.453302
0.122300	-0.656421	0.453237
0.122400	-0.656851	0.453171
0.122500	-0.657280	0.453105
0.122600	-0.657709	0.453039
0.122700	-0.658139	0.452974
0.122800	-0.658568	0.452908
0.122900	-0.658997	0.452842
0.123000	-0.659427	0.452776
0.123100	-0.659856	0.452710
0.123200	-0.660285	0.452644
0.123300	-0.660714	0.452578
0.123400	-0.661143	0.452512
0.123500	-0.661572	0.452446
0.123600	-0.662000	0.452380
0.123700	-0.662429	0.452313
0.123800	-0.662858	0.452247
0.123900	-0.663287	0.452181
0.124000	-0.663715	0.452114
0.124100	-0.664144	0.452048
0.124200	-0.664572	0.451982
0.124300	-0.665001	0.451915
0.124400	-0.665429	0.451849
0.124500	-0.665857	0.451782
0.124600	-0.666285	0.451715
0.124700	-0.666714	0.451649
0.124800	-0.667142	0.451582
0.124900	-0.667570	0.451515
0.125000	-0.667998	0.451449
0.125100	-0.668426	0.451382
0.125200	-0.668854	0.451315
0.125300	-0.669282	0.451248
0.125400	-0.669709	0.451181
0.125500	-0.670137	0.451114
0.125600	-0.670565	0.451047
0.125700	-0.670992	0.450980
0.125800	-0.671420	0.450913
0.125900	-0.671847	0.450846
0.126000	-0.672275	0.450778
0.126100	-0.672702	0.450711
0.126200	-0.673129	0.450644
0.126300	-0.673557	0.450577
0.126400	-0.673984	0.450509
0.126500	-0.674411	0.450442
0.126600	-0.674838	0.450374
0.126700	-0.675265	0.450307
0.126800	-0.675692	0.450239
0.126900	-0.676119	0.450172
0.127000	-0.676546	0.450104
0.127100	-0.676972	0.450036
0.127200	-0.677399	0.449969
0.127300	-0.677826	0.449901
0.127400	-0.678252	0.449833
0.127500	-0.678679	0.449765
0.127600	-0.679105	0.449697
0.127700	-0.679532	0.449629
0.127800	-0.679958	0.449561
0.127900	-0.680384	0.449493
0.128000	-0.680811	0.449425
0.128100	-0.681237	0.449357
0.128200	-0.681663	0.449289
0.128300	-0.682089	0.449221
0.128400	-0.682515	0.449153
0.128500	-0.682941	0.449084
0.128600	-0.683367	0.449016
0.128700	-0.683792	0.448948
0.128800	-0.684218	0.448879
0.128900	-0.684644	0.448811
0.129000	-0.685069	0.448742
0.129100	-0.685495	0.448674
0.129200	-0.685921	0.448605
0.129300	-0.686346	0.448537
0.129400	-0.686771	0.448468
0.129500	-0.687197	0.448399
0.129600	-0.687622	0.448331
0.129700	-0.688047	0.448262
0.129800	-0.688472	0.448193
0.129900	-0.688897	0.448124
0.130000	-0.689322	0.448055
0.130100	-0.689747	0.447986
0.130200	-0.690172	0.447917
0.130300	-0.690597	0.447848
0.130400	-0.691022	0.447779
0.130500	-0.691446	0.447710
0.130600	-0.691871	0.447641
0.130700	-0.692296	0.447572
0.130800	-0.692720	0.447502
0.130900	-0.693145	0.447433
0.131000	-0.693569	0.447364
0.131100	-0.693993	0.447294
0.131200	-0.694418	0.447225
0.131300	-0.694842	0.447156
0.131400	-0.695266	0.447086
0.131500	-0.695690	0.447017
0.131600	-0.696114	0.446947
0.131700	-0.696538	0.446877
0.131800	-0.696962	0.446808
0.131900	-0.697386	0.446738
0.132000	-0.697810	0.446668
0.132100	-0.698233	0.446598
0.132200	-0.698657	0.446528
0.132300	-0.699081	0.446459
0.132400	-0.699504	0.446389
0.132500	-0.699928	0.446319
0.132600	-0.700351	0.446249
0.132700	-0.700775	0.446179
0.132800	-0.701198	0.446109
0.132900	-0.701621	0.446038
0.133000	-0.702044	0.445968
0.133100	-0.702467	0.445898
0.133200	-0.702890	0.445828
0.133300	-0.703313	0.445757
0.133400	-0.703736	0.445687
0.133500	-0.704159	0.445617
0.133600	-0.704582	0.445546
0.133700	-0.705005	0.445476
0.133800	-0.705427	0.445405
0.133900	-0.705850	0.445335
0.134000	-0.706272	0.445264
0.134100	-0.706695	0.445193
0.134200	-0.707117	0.445123
0.134300	-0.707540	0.445052
0.134400	-0.707962	0.444981
0.134500	-0.708384	0.444910
0.134600	-0.708806	0.444840
0.134700	-0.709229	0.444769
0.134800	-0.709651	0.444698
0.134900	-0.710073	0.444627
0.135000	-0.710494	0.444556
0.135100	-0.710916	0.444485
0.135200	-0.711338	0.444413
0.135300	-0.711760	0.444342
0.135400	-0.712181	0.444271
0.135500	-0.712603	0.444200
0.135600	-0.713025	0.444129
0.135700	-0.713446	0.444057
0.135800	-0.713868	0.443986
0.135900	-0.714289	0.443915
0.136000	-0.714710	0.443843
0.136100	-0.715131	0.443772
0.136200	-0.715553	0.443700
0.136300	-0.715974	0.443628
0.136400	-0.716395	0.443557
0.136500	-0.716816	0.443485
0.136600	-0.717237	0.443413
0.136700	-0.717657	0.443342
0.136800	-0.718078	0.443270
0.136900	-0.718499	0.443198
0.137000	-0.718920	0.443126
0.137100	-0.719340	0.443054
0.137200	-0.719761	0.442982
0.137300	-0.720181	0.442910
0.137400	-0.720602	0.442838
0.137500	-0.721022	0.442766
0.137600	-0.721442	0.442694
0.137700	-0.721862	0.442622
0.137800	-0.722282	0.442550
0.137900	-0.722703	0.442478
0.138000	-0.723123	0.442405
0.138100	-0.723542	0.442333
0.138200	-0.723962	0.442261
0.138300	-0.724382	0.442188
0.138400	-0.724802	0.442116
0.138500	-0.725222	0.442043
0.138600	-0.725641	0.441971
0.138700	-0.726061	0.441898
0.138800	-0.726480	0.441825
0.138900	-0.726900	0.441753
0.139000	-0.727319	0.441680
0.139100	-0.727738	0.441607
0.139200	-0.728158	0.441534
0.139300	-0.728577	0.441462
0.139400	-0.728996	0.441389
0.139500	-0.729415	0.441316
0.139600	-0.729834	0.441243
0.139700	-0.730253	0.441170
0.139800	-0.730672	0.441097
0.139900	-0.731091	0.441024
0.140000	-0.731509	0.440951
0.140100	-0.731928	0.440877
0.140200	-0.732347	0.440804
0.140300	-0.732765	0.440731
0.140400	-0.733184	0.440658
0.140500	-0.733602	0.440584
0.140600	-0.734020	0.440511
0.140700	-0.734439	0.440437
0.140800	-0.734857	0.440364
0.140900	-0.735275	0.440291
0.141000	-0.735693	0.440217
0.141100	-0.736111	0.440143
0.141200	-0.736529	0.440070
0.141300	-0.736947	0.439996
0.141400	-0.737365	0.439922
0.141500	-0.737782	0.439849
0.141600	-0.738200	0.439775
0.141700	-0.738618	0.439701
0.141800	-0.739035	0.439627
0.141900	-0.739453	0.439553
0.142000	-0.739870	0.439479
0.142100	-0.740287	0.439405
0.142200	-0.740705	0.439331
0.142300	-0.741122	0.439257
0.142400	-0.741539	0.439183
0.142500	-0.741956	0.439109
0.142600	-0.742373	0.439035
0.142700	-0.742790	0.438960
0.142800	-0.743207	0.438886
0.142900	-0.743624	0.438812
0.143000	-0.744041	0.438737
0.143100	-0.744457	0.438663
0.143200	-0.744874	0.438588
0.143300	-0.745290	0.438514
0.143400	-0.745707	0.438439
0.143500	-0.746123	0.438365
0.143600	-0.746540	0.438290
0.143700	-0.746956	0.438215
0.143800	-0.747372	0.438141
0.143900	-0.747788	0.438066
0.144000	-0.748205	0.437991
0.144100	-0.748621	0.437916
0.144200	-0.749037	0.437841
0.144300	-0.749452	0.437766
0.144400	-0.749868	0.437692
0.144500	-0.750284	0.437616
0.144600	-0.750700	0.437541
0.144700	-0.751115	0.437466
0.144800	-0.751531	0.437391
0.144900	-0.751946	0.437316
0.145000	-0.752362	0.437241
0.145100	-0.752777	0.437166
0.145200	-0.753192	0.437090
0.145300	-0.753608	0.437015
0.145400	-0.754023	0.436940
0.145500	-0.754438	0.436864
0.145600	-0.754853	0.436789
0.145700	-0.755268	0.436713
0.145800	-0.755683	0.436638
0.145900	-0.756098	0.436562
0.146000	-0.756512	0.436486
0.146100	-0.756927	0.436411
0.146200	-0.757342	0.436335
0.146300	-0.757756	0.436259
0.146400	-0.758171	0.436183
0.146500	-0.758585	0.436108
0.146600	-0.759000	0.436032
0.146700	-0.759414	0.435956
0.146800	-0.759828	0.435880
0.146900	-0.760242	0.435804
0.147000	-0.760656	0.435728
0.147100	-0.761070	0.435652
0.147200	-0.761484	0.435576
0.147300	-0.761898	0.435499
0.147400	-0.762312	0.435423
0.147500	-0.762726	0.435347
0.147600	-0.763139	0.435271
0.147700	-0.763553	0.435194
0.147800	-0.763967	0.435118
0.147900	-0.764380	0.435042
0.148000	-0.764793	0.434965
0.148100	-0.765207	0.434889
0.148200	-0.765620	0.434812
0.148300	-0.766033	0.434735
0.148400	-0.766446	0.434659
0.148500	-0.766859	0.434582
0.148600	-0.767272	0.434505
0.148700	-0.767685	0.434429
0.148800	-0.768098	0.434352
0.148900	-0.768511	0.434275
0.149000	-0.768924	0.434198
0.149100	-0.769336	0.434121
0.149200	-0.769749	0.434044
0.149300	-0.770162	0.433967
0.149400	-0.770574	0.433890
0.149500	-0.770986	0.433813
0.149600	-0.771399	0.433736
0.149700	-0.771811	0.433659
0.149800	-0.772223	0.433582
0.149900	-0.772635	0.433505
0.150000	-0.773047	0.433427
0.150100	-0.773459	0.433350
0.150200	-0.773871	0.433273
0.150300	-0.774283	0.433195
0.150400	-0.774695	0.433118
0.150500	-0.775106	0.433040
0.150600	-0.775518	0.432963
0.150700	-0.775930	0.432885
0.150800	-0.776341	0.432807
0.150900	-0.776752	0.432730
0.151000	-0.777164	0.432652
0.151100	-0.777575	0.432574
0.151200	-0.777986	0.432497
0.151300	-0.778397	0.432419
0.151400	-0.778809	0.432341
0.151500	-0.779220	0.432263
0.151600	-0.779630	0.432185
0.151700	-0.780041	0.432107
0.151800	-0.780452	0.432029
0.151900	-0.780863	0.431951
0.152000	-0.781273	0.431873
0.152100	-0.781684	0.431795
0.152200	-0.782095	0.431717
0.152300	-0.782505	0.431638
0.152400	-0.782915	0.431560
0.152500	-0.783326	0.431482
0.152600	-0.783736	0.431403
0.152700	-0.784146	0.431325
0.152800	-0.784556	0.431247
0.152900	-0.784966	0.431168
0.153000	-0.785376	0.431090
0.153100	-0.785786	0.431011
0.153200	-0.786196	0.430932
0.153300	-0.786606	0.430854
0.153400	-0.787015	0.430775
0.153500	-0.787425	0.430696
0.153600	-0.787834	0.430618
0.153700	-0.788244	0.430539
0.153800	-0.788653	0.430460
0.153900	-0.789063	0.430381
0.154000	-0.789472	0.430302
0.154100	-0.789881	0.430223
0.154200	-0.790290	0.430144
0.154300	-0.790699	0.430065
0.154400	-0.791108	0.429986
0.154500	-0.791517	0.429907
0.154600	-0.791926	0.429828
0.154700	-0.792335	0.429749
0.154800	-0.792743	0.429669
0.154900	-0.793152	0.429590
0.155000	-0.793561	0.429511
0.155100	-0.793969	0.429431
0.155200	-0.794377	0.429352
0.155300	-0.794786	0.429272
0.155400	-0.795194	0.429193
0.155500	-0.795602	0.429113
0.155600	-0.796010	0.429034
0.155700	-0.796418	0.428954
0.155800	-0.796826	0.428874
0.155900	-0.797234	0.428795
0.156000	-0.797642	0.428715
0.156100	-0.798050	0.428635
0.156200	-0.798458	0.428555
0.156300	-0.798865	0.428476
0.156400	-0.799273	0.428396
0.156500	-0.799680	0.428316
0.156600	-0.800088	0.428236
0.156700	-0.800495	0.428156
0.156800	-0.800902	0.428076
0.156900	-0.801310	0.427996
0.157000	-0.801717	0.427915
0.157100	-0.802124	0.427835
0.157200	-0.802531	0.427755
0.157300	-0.802938	0.427675
0.157400	-0.803344	0.427594
0.157500	-0.803751	0.427514
0.157600	-0.804158	0.427434
0.157700	-0.804565	0.427353
0.157800	-0.804971	0.427273
0.157900	-0.805378	0.427192
0.158000	-0.805784	0.427112
0.158100	-0.806190	0.427031
0.158200	-0.806597	0.426950
0.158300	-0.807003	0.426870
0.158400	-0.807409	0.426789
0.158500	-0.807815	0.426708
0.158600	-0.808221	0.426627
0.158700	-0.808627	0.426547
0.158800	-0.809033	0.426466
0.158900	-0.809438	0.426385
0.159000	-0.809844	0.426304
0.159100	-0.810250	0.426223
0.159200	-0.810655	0.426142
0.159300	-0.811061	0.426061
0.159400	-0.811466	0.425980
0.159500	-0.811871	0.425898
0.159600	-0.812277	0.425817
0.159700	-0.812682	0.425736
0.159800	-0.813087	0.425655
0.159900	-0.813492	0.425573
0.160000	-0.813897	0.425492
0.160100	-0.814302	0.425411
0.160200	-0.814707	0.425329
0.160300	-0.815111	0.425248
0.160400	-0.815516	0.425166
0.160500	-0.815921	0.425084
0.160600	-0.816325	0.425003
0.160700	-0.816730	0.424921
0.160800	-0.817134	0.424840
0.160900	-0.817538	0.424758
0.161000	-0.817943	0.424676
0.161100	-0.818347	0.424594
0.161200	-0.818751	0.424512
0.161300	-0.819155	0.424430
0.161400	-0.819559	0.424349
0.161500	-0.819963	0.424267
0.161600	-0.820366	0.424185
0.161700	-0.820770	0.424102
0.161800	-0.821174	0.424020
0.161900	-0.821577	0.423938
0.162000	-0.821981	0.423856
0.162100	-0.822384	0.423774
0.162200	-0.822788	0.423692
0.162300	-0.823191	0.423609
0.162400	-0.823594	0.423527
0.162500	-0.823997	0.423445
0.162600	-0.824400	0.423362
0.162700	-0.824803	0.423280
0.162800	-0.825206	0.423197
0.162900	-0.825609	0.423115
0.163000	-0.826012	0.423032
0.163100	-0.826415	0.422949
0.163200	-0.826817	0.422867
0.163300	-0.827220	0.422784
0.163400	-0.827622	0.422701
0.163500	-0.828025	0.422619
0.163600	-0.828427	0.422536
0.163700	-0.828829	0.422453
0.163800	-0.829231	0.422370
0.163900	-0.829633	0.422287
0.164000	-0.830035	0.422204
0.164100	-0.830437	0.422121
0.164200	-0.830839	0.422038
0.164300	-0.831241	0.421955
0.164400	-0.831643	0.421872
0.164500	-0.832044	0.421789
0.164600	-0.832446	0.421705
0.164700	-0.832848	0.421622
0.164800	-0.833249	0.421539
0.164900	-0.833650	0.421455
0.165000	-0.834052	0.421372
0.165100	-0.834453	0.421289
0.165200	-0.834854	0.421205
0.165300	-0.835255	0.421122
0.165400	-0.835656	0.421038
0.165500	-0.836057	0.420954
0.165600	-0.836458	0.420871
0.165700	-0.836858	0.420787
0.165800	-0.837259	0.420703
0.165900	-0.837660	0.420620
0.166000	-0.838060	0.420536
0.166100	-0.838461	0.420452
0.166200	-0.838861	0.420368
0.166300	-0.839261	0.420284
0.166400	-0.839662	0.420200
0.166500	-0.840062	0.420116
0.166600	-0.840462	0.420032
0.166700	-0.840862	0.419948
0.166800	-0.841262	0.419864
0.166900	-0.841662	0.419780
0.167000	-0.842061	0.419696
0.167100	-0.842461	0.419612
0.167200	-0.842861	0.419527
0.167300	-0.843260	0.419443
0.167400	-0.843660	0.419359
0.167500	-0.844059	0.419274
0.167600	-0.844459	0.419190
0.167700	-0.844858	0.419105
0.167800	-0.845257	0.419021
0.167900	-0.845656	0.418936
0.168000	-0.846055	0.418852
0.168100	-0.846454	0.418767
0.168200	-0.846853	0.418683
0.168300	-0.847252	0.418598
0.168400	-0.847650	0.418513
0.168500	-0.848049	0.418428
0.168600	-0.848448	0.418343
0.168700	-0.848846	0.418259
0.168800	-0.849245	0.418174
0.168900	-0.849643	0.418089
0.169000	-0.850041	0.418004
0.169100	-0.850439	0.417919
0.169200	-0.850837	0.417834
0.169300	-0.851235	0.417749
0.169400	-0.851633	0.417663
0.169500	-0.852031	0.417578
0.169600	-0.852429	0.417493
0.169700	-0.852827	0.417408
0.169800	-0.853224	0.417322
0.169900	-0.853622	0.417237
0.170000	-0.854020	0.417152
0.170100	-0.854417	0.417066
0.170200	-0.854814	0.416981
0.170300	-0.855212	0.416895
0.170400	-0.855609	0.416810
0.170500	-0.856006	0.416724
0.170600	-0.856403	0.416639
0.170700	-0.856800	0.416553
0.170800	-0.857197	0.416467
0.170900	-0.857594	0.416381
0.171000	-0.857990	0.416296
0.171100	-0.858387	0.416210
0.171200	-0.858784	0.416124
0.171300	-0.859180	0.416038
0.171400	-0.859576	0.415952
0.171500	-0.859973	0.415866
0.171600	-0.860369	0.415780
0.171700	-0.860765	0.415694
0.171800	-0.861161	0.415608
0.171900	-0.861557	0.415522
0.172000	-0.861953	0.415436
0.172100	-0.862349	0.415350
0.172200	-0.862745	0.415263
0.172300	-0.863141	0.415177
0.172400	-0.863536	0.415091
0.172500	-0.863932	0.415004
0.172600	-0.864328	0.414918
0.172700	-0.864723	0.414831
0.172800	-0.865118	0.414745
0.172900	-0.865514	0.414658
0.173000	-0.865909	0.414572
0.173100	-0.866304	0.414485
0.173200	-0.866699	0.414399
0.173300	-0.867094	0.414312
0.173400	-0.867489	0.414225
0.173500	-0.867883	0.414138
0.173600	-0.868278	0.414052
0.173700	-0.868673	0.413965
0.173800	-0.869067	0.413878
0.173900	-0.869462	0.413791
0.174000	-0.869856	0.413704
0.174100	-0.870251	0.413617
0.174200	-0.870645	0.413530
0.174300	-0.871039	0.413443
0.174400	-0.871433	0.413356
0.174500	-0.871827	0.413269
0.174600	-0.872221	0.413181
0.174700	-0.872615	0.413094
0.174800	-0.873009	0.413007
0.174900	-0.873402	0.412919
0.175000	-0.873796	0.412832
0.175100	-0.874190	0.412745
0.175200	-0.874583	0.412657
0.175300	-0.874976	0.412570
0.175400	-0.875370	0.412482
0.175500	-0.875763	0.412395
0.175600	-0.876156	0.412307
0.175700	-0.876549	0.412219
0.175800	-0.876942	0.412132
0.175900	-0.877335	0.412044
0.176000	-0.877728	0.411956
0.176100	-0.878121	0.411869
0.176200	-0.878513	0.411781
0.176300	-0.878906	0.411693
0.176400	-0.879298	0.411605
0.176500	-0.879691	0.411517
0.176600	-0.880083	0.411429
0.176700	-0.880476	0.411341
0.176800	-0.880868	0.411253
0.176900	-0.881260	0.411165
0.177000	-0.881652	0.411077
0.177100	-0.882044	0.410988
0.177200	-0.882436	0.410900
0.177300	-0.882828	0.410812
0.177400	-0.883219	0.410724
0.177500	-0.883611	0.410635
0.177600	-0.884002	0.410547
0.177700	-0.884394	0.410459
0.177800	-0.884785	0.410370
0.177900	-0.885177	0.410282
0.178000	-0.885568	0.410193
0.178100	-0.885959	0.410104
0.178200	-0.886350	0.410016
0.178300	-0.886741	0.409927
0.178400	-0.887132	0.409839
0.178500	-0.887523	0.409750
0.178600	-0.887914	0.409661
0.178700	-0.888304	0.409572
0.178800	-0.888695	0.409483
0.178900	-0.889086	0.409394
0.179000	-0.889476	0.409306
0.179100	-0.889866	0.409217
0.179200	-0.890257	0.409128
0.179300	-0.890647	0.409039
0.179400	-0.891037	0.408949
0.179500	-0.891427	0.408860
0.179600	-0.891817	0.408771
0.179700	-0.892207	0.408682
0.179800	-0.892597	0.408593
0.179900	-0.892987	0.408503
0.180000	-0.893376	0.408414
0.180100	-0.893766	0.408325
0.180200	-0.894155	0.408235
0.180300	-0.894545	0.408146
0.180400	-0.894934	0.408056
0.180500	-0.895323	0.407967
0.180600	-0.895712	0.407877
0.180700	-0.896101	0.407788
0.180800	-0.896490	0.407698
0.180900	-0.896879	0.407608
0.181000	-0.897268	0.407519
0.181100	-0.897657	0.407429
0.181200	-0.898046	0.407339
0.181300	-0.898434	0.407249
0.181400	-0.898823	0.407160
0.181500	-0.899211	0.407070
0.181600	-0.899600	0.406980
0.181700	-0.899988	0.406890
0.181800	-0.900376	0.406800
0.181900	-0.900764	0.406710
0.182000	-0.901152	0.406620
0.182100	-0.901540	0.406529
0.182200	-0.901928	0.406439
0.182300	-0.902316	0.406349
0.182400	-0.902704	0.406259
0.182500	-0.903091	0.406168
0.182600	-0.903479	0.406078
0.182700	-0.903866	0.405988
0.182800	-0.904254	0.405897
0.182900	-0.904641	0.405807
0.183000	-0.905028	0.405716
0.183100	-0.905415	0.405626
0.183200	-0.905802	0.405535
0.183300	-0.906189	0.405445
0.183400	-0.906576	0.405354
0.183500	-0.906963	0.405263
0.183600	-0.907350	0.405173
0.183700	-0.907736	0.405082
0.183800	-0.908123	0.404991
0.183900	-0.908509	0.404900
0.184000	-0.908896	0.404810
0.184100	-0.909282	0.404719
0.184200	-0.909668	0.404628
0.184300	-0.910054	0.404537
0.184400	-0.910441	0.404446
0.184500	-0.910827	0.404355
0.184600	-0.911212	0.404263
0.184700	-0.911598	0.404172
0.184800	-0.911984	0.404081
0.184900	-0.912370	0.403990
0.185000	-0.912755	0.403899
0.185100	-0.913141	0.403807
0.185200	-0.913526	0.403716
0.185300	-0.913911	0.403625
0.185400	-0.914297	0.403533
0.185500	-0.914682	0.403442
0.185600	-0.915067	0.403350
0.185700	-0.915452	0.403259
0.185800	-0.915837	0.403167
0.185900	-0.916222	0.403076
0.186000	-0.916607	0.402984
0.186100	-0.916991	0.402892
0.186200	-0.917376	0.402801
0.186300	-0.917760	0.402709
0.186400	-0.918145	0.402617
0.186500	-0.918529	0.402525
0.186600	-0.918913	0.402433
0.186700	-0.919297	0.402341
0.186800	-0.919682	0.402249
0.186900	-0.920066	0.402157
0.187000	-0.920450	0.402065
0.187100	-0.920833	0.401973
0.187200	-0.921217	0.401881
0.187300	-0.921601	0.401789
0.187400	-0.921984	0.401697
0.187500	-0.922368	0.401605
0.187600	-0.922751	0.401513
0.187700	-0.923135	0.401420
0.187800	-0.923518	0.401328
0.187900	-0.923901	0.401236
0.188000	-0.924284	0.401143
0.188100	-0.924667	0.401051
0.188200	-0.925050	0.400958
0.188300	-0.925433	0.400866
0.188400	-0.925816	0.400773
0.188500	-0.926198	0.400680
0.188600	-0.926581	0.400588
0.188700	-0.926964	0.400495
0.188800	-0.927346	0.400402
0.188900	-0.927728	0.400310
0.189000	-0.928111	0.400217
0.189100	-0.928493	0.400124
0.189200	-0.928875	0.400031
0.189300	-0.929257	0.399938
0.189400	-0.929639	0.399845
0.189500	-0.930021	0.399752
0.189600	-0.930402	0.399659
0.189700	-0.930784	0.399566
0.189800	-0.931166	0.399473
0.189900	-0.931547	0.399380
0.190000	-0.931928	0.399287
0.190100	-0.932310	0.399194
0.190200	-0.932691	0.399100
0.190300	-0.933072	0.399007
0.190400	-0.933453	0.398914
0.190500	-0.933834	0.398820
0.190600	-0.934215	0.398727
0.190700	-0.934596	0.398634
0.190800	-0.934977	0.398540
0.190900	-0.935357	0.398447
0.191000	-0.935738	0.398353
0.191100	-0.936119	0.398259
0.191200	-0.936499	0.398166
0.191300	-0.936879	0.398072
0.191400	-0.937259	0.397978
0.191500	-0.937640	0.397885
0.191600	-0.938020	0.397791
0.191700	-0.938400	0.397697
0.191800	-0.938780	0.397603
0.191900	-0.939159	0.397509
0.192000	-0.939539	0.397415
0.192100	-0.939919	0.397321
0.192200	-0.940298	0.397227
0.192300	-0.940678	0.397133
0.192400	-0.941057	0.397039
0.192500	-0.941436	0.396945
0.192600	-0.941816	0.396851
0.192700	-0.942195	0.396757
0.192800	-0.942574	0.396663
0.192900	-0.942953	0.396568
0.193000	-0.943332	0.396474
0.193100	-0.943710	0.396380
0.193200	-0.944089	0.396285
0.193300	-0.944468	0.396191
0.193400	-0.944846	0.396096
0.193500	-0.945225	0.396002
0.193600	-0.945603	0.395907
0.193700	-0.945981	0.395813
0.193800	-0.946360	0.395718
0.193900	-0.946738	0.395623
0.194000	-0.947116	0.395529
0.194100	-0.947494	0.395434
0.194200	-0.947871	0.395339
0.194300	-0.948249	0.395244
0.194400	-0.948627	0.395150
0.194500	-0.949005	0.395055
0.194600	-0.949382	0.394960
0.194700	-0.949759	0.394865
0.194800	-0.950137	0.394770
0.194900	-0.950514	0.394675
0.195000	-0.950891	0.394580
0.195100	-0.951268	0.394485
0.195200	-0.951645	0.394389
0.195300	-0.952022	0.394294
0.195400	-0.952399	0.394199
0.195500	-0.952776	0.394104
0.195600	-0.953152	0.394009
0.195700	-0.953529	0.393913
0.195800	-0.953905	0.393818
0.195900	-0.954282	0.393722
0.196000	-0.954658	0.393627
0.196100	-0.955034	0.393531
0.196200	-0.955410	0.393436
0.196300	-0.955786	0.393340
0.196400	-0.956162	0.393245
0.196500	-0.956538	0.393149
0.196600	-0.956914	0.393053
0.196700	-0.957290	0.392958
0.196800	-0.957665	0.392862
0.196900	-0.958041	0.392766
0.197000	-0.958416	0.392670
0.197100	-0.958792	0.392575
0.197200	-0.959167	0.392479
0.197300	-0.959542	0.392383
0.197400	-0.959917	0.392287
0.197500	-0.960292	0.392191
0.197600	-0.960667	0.392095
0.197700	-0.961042	0.391999
0.197800	-0.961417	0.391902
0.197900	-0.961791	0.391806
0.198000	-0.962166	0.391710
0.198100	-0.962540	0.391614
0.198200	-0.962915	0.391518
0.198300	-0.963289	0.391421
0.198400	-0.963663	0.391325
0.198500	-0.964037	0.391229
0.198600	-0.964411	0.391132
0.198700	-0.964785	0.391036
0.198800	-0.965159	0.390939
0.198900	-0.965533	0.390843
0.199000	-0.965907	0.390746
0.199100	-0.966280	0.390649
0.199200	-0.966654	0.390553
0.199300	-0.967027	0.390456
0.199400	-0.967400	0.390359
0.199500	-0.967774	0.390263
0.199600	-0.968147	0.390166
0.199700	-0.968520	0.390069
0.199800	-0.968893	0.389972
0.199900	-0.969266	0.389875
0.200000	-0.969639	0.389778
0.200100	-0.970011	0.389681
0.200200	-0.970384	0.389584
0.200300	-0.970756	0.389487
0.200400	-0.971129	0.389390
0.200500	-0.971501	0.389293
0.200600	-0.971874	0.389196
0.200700	-0.972246	0.389099
0.200800	-0.972618	0.389001
0.200900	-0.972990	0.388904
0.201000	-0.973362	0.388807
0.201100	-0.973734	0.388709
0.201200	-0.974105	0.388612
0.201300	-0.974477	0.388515
0.201400	-0.974849	0.388417
0.201500	-0.975220	0.388320
0.201600	-0.975591	0.388222
0.201700	-0.975963	0.388125
0.201800	-0.976334	0.388027
0.201900	-0.976705	0.387929
0.202000	-0.977076	0.387832
0.202100	-0.977447	0.387734
0.202200	-0.977818	0.387636
0.202300	-0.978189	0.387538
0.202400	-0.978559	0.387440
0.202500	-0.978930	0.387343
0.202600	-0.979301	0.387245
0.202700	-0.979671	0.387147
0.202800	-0.980041	0.387049
0.202900	-0.980412	0.386951
0.203000	-0.980782	0.386853
0.203100	-0.981152	0.386755
0.203200	-0.981522	0.386656
0.203300	-0.981892	0.386558
0.203400	-0.982261	0.386460
0.203500	-0.982631	0.386362
0.203600	-0.983001	0.386264
0.203700	-0.983370	0.386165
0.203800	-0.983740	0.386067
0.203900	-0.984109	0.385968
0.204000	-0.984478	0.385870
0.204100	-0.984847	0.385772
0.204200	-0.985217	0.385673
0.204300	-0.985586	0.385575
0.204400	-0.985954	0.385476
0.204500	-0.986323	0.385377
0.204600	-0.986692	0.385279
0.204700	-0.987061	0.385180
0.204800	-0.987429	0.385081
0.204900	-0.987798	0.384983
0.205000	-0.988166	0.384884
0.205100	-0.988534	0.384785
0.205200	-0.988902	0.384686
0.205300	-0.989271	0.384587
0.205400	-0.989639	0.384488
0.205500	-0.990006	0.384389
0.205600	-0.990374	0.384290
0.205700	-0.990742	0.384191
0.205800	-0.991110	0.384092
0.205900	-0.991477	0.383993
0.206000	-0.991845	0.383894
0.206100	-0.992212	0.383795
0.206200	-0.992579	0.383695
0.206300	-0.992947	0.383596
0.206400	-0.993314	0.383497
0.206500	-0.993681	0.383397
0.206600	-0.994048	0.383298
0.206700	-0.994414	0.383199
0.206800	-0.994781	0.383099
0.206900	-0.995148	0.383000
0.207000	-0.995514	0.382900
0.207100	-0.995881	0.382800
0.207200	-0.996247	0.382701
0.207300	-0.996613	0.382601
0.207400	-0.996980	0.382502
0.207500	-0.997346	0.382402
0.207600	-0.997712	0.382302
0.207700	-0.998078	0.382202
0.207800	-0.998444	0.382102
0.207900	-0.998809	0.382003
0.208000	-0.999175	0.381903
0.208100	-0.999540	0.381803
0.208200	-0.999906	0.381703
0.208300	-1.000271	0.381603
0.208400	-1.000637	0.381503
0.208500	-1.001002	0.381403
0.208600	-1.001367	0.381303
0.208700	-1.001732	0.381202
0.208800	-1.002097	0.381102
0.208900	-1.002462	0.381002
0.209000	-1.002826	0.380902
0.209100	-1.003191	0.380801
0.209200	-1.003556	0.380701
0.209300	-1.003920	0.380601
0.209400	-1.004284	0.380500
0.209500	-1.004649	0.380400
0.209600	-1.005013	0.380299
0.209700	-1.005377	0.380199
0.209800	-1.005741	0.380098
0.209900	-1.006105	0.379998
0.210000	-1.006469	0.379897
0.210100	-1.006833	0.379796
0.210200	-1.007196	0.379696
0.210300	-1.007560	0.379595
0.210400	-1.007923	0.379494
0.210500	-1.008287	0.379393
0.210600	-1.008650	0.379293
0.210700	-1.009013	0.379192
0.210800	-1.009376	0.379091
0.210900	-1.009739	0.378990
0.211000	-1.010102	0.378889
0.211100	-1.010465	0.378788
0.211200	-1.010828	0.378687
0.211300	-1.011190	0.378586
0.211400	-1.011553	0.378484
0.211500	-1.011915	0.378383
0.211600	-1.012278	0.378282
0.211700	-1.012640	0.378181
0.211800	-1.013002	0.378080
0.211900	-1.013364	0.377978
0.212000	-1.013726	0.377877
0.212100	-1.014088	0.377775
0.212200	-1.014450	0.377674
0.212300	-1.014811	0.377573
0.212400	-1.015173	0.377471
0.212500	-1.015535	0.377370
0.212600	-1.015896	0.377268
0.212700	-1.016257	0.377166
0.212800	-1.016619	0.377065
0.212900	-1.016980	0.376963
0.213000	-1.017341	0.376861
0.213100	-1.017702	0.376760
0.213200	-1.018063	0.376658
0.213300	-1.018423	0.376556
0.213400	-1.018784	0.376454
0.213500	-1.019145	0.376352
0.213600	-1.019505	0.376250
0.213700	-1.019866	0.376148
0.213800	-1.020226	0.376046
0.213900	-1.020586	0.375944
0.214000	-1.020946	0.375842
0.214100	-1.021306	0.375740
0.214200	-1.021666	0.375638
0.214300	-1.022026	0.375536
0.214400	-1.022386	0.375433
0.214500	-1.022745	0.375331
0.214600	-1.023105	0.375229
0.214700	-1.023465	0.375127
0.214800	-1.023824	0.375024
0.214900	-1.024183	0.374922
0.215000	-1.024542	0.374819
0.215100	-1.024901	0.374717
0.215200	-1.025260	0.374614
0.215300	-1.025619	0.374512
0.215400	-1.025978	0.374409
0.215500	-1.026337	0.374307
0.215600	-1.026696	0.374204
0.215700	-1.027054	0.374101
0.215800	-1.027413	0.373999
0.215900	-1.027771	0.373896
0.216000	-1.028129	0.373793
0.216100	-1.028487	0.373690
0.216200	-1.028845	0.373587
0.216300	-1.029203	0.373484
0.216400	-1.029561	0.373382
0.216500	-1.029919	0.373279
0.216600	-1.030277	0.373176
0.216700	-1.030634	0.373073
0.216800	-1.030992	0.372969
0.216900	-1.031349	0.372866
0.217000	-1.031707	0.372763
0.217100	-1.032064	0.372660
0.217200	-1.032421	0.372557
0.217300	-1.032778	0.372453
0.217400	-1.033135	0.372350
0.217500	-1.033492	0.372247
0.217600	-1.033849	0.372143
0.217700	-1.034205	0.372040
0.217800	-1.034562	0.371937
0.217900	-1.034918	0.371833
0.218000	-1.035275	0.371730
0.218100	-1.035631	0.371626
0.218200	-1.035987	0.371523
0.218300	-1.036343	0.371419
0.218400	-1.036699	0.371315
0.218500	-1.037055	0.371212
0.218600	-1.037411	0.371108
0.218700	-1.037767	0.371004
0.218800	-1.038122	0.370900
0.218900	-1.038478	0.370796
0.219000	-1.038833	0.370693
0.219100	-1.039188	0.370589
0.219200	-1.039544	0.370485
0.219300	-1.039899	0.370381
0.219400	-1.040254	0.370277
0.219500	-1.040609	0.370173
0.219600	-1.040964	0.370069
0.219700	-1.041318	0.369965
0.219800	-1.041673	0.369860
0.219900	-1.042028	0.369756
0.220000	-1.042382	0.369652
0.220100	-1.042737	0.369548
0.220200	-1.043091	0.369443
0.220300	-1.043445	0.369339
0.220400	-1.043799	0.369235
0.220500	-1.044153	0.369130
0.220600	-1.044507	0.369026
0.220700	-1.044861	0.368921
0.220800	-1.045214	0.368817
0.220900	-1.045568	0.368712
0.221000	-1.045922	0.368608
0.221100	-1.046275	0.368503
0.221200	-1.046628	0.368399
0.221300	-1.046982	0.368294
0.221400	-1.047335	0.368189
0.221500	-1.047688	0.368084
0.221600	-1.048041	0.367980
0.221700	-1.048394	0.367875
0.221800	-1.048746	0.367770
0.221900	-1.049099	0.367665
0.222000	-1.049452	0.367560
0.222100	-1.049804	0.367455
0.222200	-1.050156	0.367350
0.222300	-1.050509	0.367245
0.222400	-1.050861	0.367140
0.222500	-1.051213	0.367035
0.222600	-1.051565	0.366930
0.222700	-1.051917	0.366825
0.222800	-1.052269	0.366719
0.222900	-1.052620	0.366614
0.223000	-1.052972	0.366509
0.223100	-1.053323	0.366404
0.223200	-1.053675	0.366298
0.223300	-1.054026	0.366193
0.223400	-1.054377	0.366087
0.223500	-1.054728	0.365982
0.223600	-1.055079	0.365877
0.223700	-1.055430	0.365771
0.223800	-1.055781	0.365665
0.223900	-1.056132	0.365560
0.224000	-1.056483	0.365454
0.224100	-1.056833	0.365349
0.224200	-1.057183	0.365243
0.224300	-1.057534	0.365137
0.224400	-1.057884	0.365031
0.224500	-1.058234	0.364926
0.224600	-1.058584	0.364820
0.224700	-1.058934	0.364714
0.224800	-1.059284	0.364608
0.224900	-1.059634	0.364502
0.225000	-1.059984	0.364396
0.225100	-1.060333	0.364290
0.225200	-1.060683	0.364184
0.225300	-1.061032	0.364078
0.225400	-1.061381	0.363972
0.225500	-1.061730	0.363866
0.225600	-1.062079	0.363759
0.225700	-1.062428	0.363653
0.225800	-1.062777	0.363547
0.225900	-1.063126	0.363441
0.226000	-1.063475	0.363334
0.226100	-1.063823	0.363228
0.226200	-1.064172	0.363122
0.226300	-1.064520	0.363015
0.226400	-1.064869	0.362909
0.226500	-1.065217	0.362802
0.226600	-1.065565	0.362696
0.226700	-1.065913	0.362589
0.226800	-1.066261	0.362482
0.226900	-1.066609	0.362376
0.227000	-1.066956	0.362269
0.227100	-1.067304	0.362162
0.227200	-1.067651	0.362056
0.227300	-1.067999	0.361949
0.227400	-1.068346	0.361842
0.227500	-1.068693	0.361735
0.227600	-1.069041	0.361628
0.227700	-1.069388	0.361521
0.227800	-1.069734	0.361414
0.227900	-1.070081	0.361307
0.228000	-1.070428	0.361200
0.228100	-1.070775	0.361093
0.228200	-1.071121	0.360986
0.228300	-1.071468	0.360879
0.228400	-1.071814	0.360772
0.228500	-1.072160	0.360665
0.228600	-1.072506	0.360557
0.228700	-1.072852	0.360450
0.228800	-1.073198	0.360343
0.228900	-1.073544	0.360236
0.229000	-1.073890	0.360128
0.229100	-1.074236	0.360021
0.229200	-1.074581	0.359913
0.229300	-1.074927	0.359806
0.229400	-1.075272	0.359698
0.229500	-1.075617	0.359591
0.229600	-1.075962	0.359483
0.229700	-1.076307	0.359376
0.229800	-1.076652	0.359268
0.229900	-1.076997	0.359160
0.230000	-1.077342	0.359053
0.230100	-1.077687	0.358945
0.230200	-1.078031	0.358837
0.230300	-1.078376	0.358729
0.230400	-1.078720	0.358621
0.230500	-1.079064	0.358513
0.230600	-1.079408	0.358406
0.230700	-1.079753	0.358298
0.230800	-1.080097	0.358190
0.230900	-1.080440	0.358082
0.231000	-1.080784	0.357974
0.231100	-1.081128	0.357865
0.231200	-1.081471	0.357757
0.231300	-1.081815	0.357649
0.231400	-1.082158	0.357541
0.231500	-1.082502	0.357433
0.231600	-1.082845	0.357324
0.231700	-1.083188	0.357216
0.231800	-1.083531	0.357108
0.231900	-1.083874	0.356999
0.232000	-1.084216	0.356891
0.232100	-1.084559	0.356783
0.232200	-1.084902	0.356674
0.232300	-1.085244	0.356566
0.232400	-1.085586	0.356457
0.232500	-1.085929	0.356348
0.232600	-1.086271	0.356240
0.232700	-1.086613	0.356131
0.232800	-1.086955	0.356023
0.232900	-1.087297	0.355914
0.233000	-1.087639	0.355805
0.233100	-1.087980	0.355696
0.233200	-1.088322	0.355587
0.233300	-1.088663	0.355479
0.233400	-1.089005	0.355370
0.233500	-1.089346	0.355261
0.233600	-1.089687	0.355152
0.233700	-1.090028	0.355043
0.233800	-1.090369	0.354934
0.233900	-1.090710	0.354825
0.234000	-1.091051	0.354716
0.234100	-1.091392	0.354607
0.234200	-1.091732	0.354497
0.234300	-1.092073	0.354388
0.234400	-1.092413	0.354279
0.234500	-1.092753	0.354170
0.234600	-1.093093	0.354060
0.234700	-1.093434	0.353951
0.234800	-1.093773	0.353842
0.234900	-1.094113	0.353732
0.235000	-1.094453	0.353623
0.235100	-1.094793	0.353514
0.235200	-1.095132	0.353404
0.235300	-1.095472	0.353295
0.235400	-1.095811	0.353185
0.235500	-1.096150	0.353075
0.235600	-1.096490	0.352966
0.235700	-1.096829	0.352856
0.235800	-1.097168	0.352746
0.235900	-1.097507	0.352637
0.236000	-1.097845	0.352527
0.236100	-1.098184	0.352417
0.236200	-1.098522	0.352307
0.236300	-1.098861	0.352197
0.236400	-1.099199	0.352087
0.236500	-1.099538	0.351977
0.236600	-1.099876	0.351868
0.236700	-1.100214	0.351758
0.236800	-1.100552	0.351647
0.236900	-1.100890	0.351537
0.237000	-1.101227	0.351427
0.237100	-1.101565	0.351317
0.237200	-1.101903	0.351207
0.237300	-1.102240	0.351097
0.237400	-1.102577	0.350987
0.237500	-1.102915	0.350876
0.237600	-1.103252	0.350766
0.237700	-1.103589	0.350656
0.237800	-1.103926	0.350545
0.237900	-1.104262	0.350435
0.238000	-1.104599	0.350324
0.238100	-1.104936	0.350214
0.238200	-1.105272	0.350103
0.238300	-1.105609	0.349993
0.238400	-1.105945	0.349882
0.238500	-1.106281	0.349772
0.238600	-1.106617	0.349661
0.238700	-1.106953	0.349550
0.238800	-1.107289	0.349440
0.238900	-1.107625	0.349329
0.239000	-1.107961	0.349218
0.239100	-1.108297	0.349107
0.239200	-1.108632	0.348996
0.239300	-1.108967	0.348886
0.239400	-1.109303	0.348775
0.239500	-1.109638	0.348664
0.239600	-1.109973	0.348553
0.239700	-1.110308	0.348442
0.239800	-1.110643	0.348331
0.239900	-1.110978	0.348220
0.240000	-1.111312	0.348108
0.240100	-1.111647	0.347997
0.240200	-1.111982	0.347886
0.240300	-1.112316	0.347775
0.240400	-1.112650	0.347664
0.240500	-1.112984	0.347552
0.240600	-1.113318	0.347441
0.240700	-1.113652	0.347330
0.240800	-1.113986	0.347218
0.240900	-1.114320	0.347107
0.241000	-1.114654	0.346995
0.241100	-1.114987	0.346884
0.241200	-1.115321	0.346772
0.241300	-1.115654	0.346661
0.241400	-1.115987	0.346549
0.241500	-1.116320	0.346438
0.241600	-1.116654	0.346326
0.241700	-1.116986	0.346214
0.241800	-1.117319	0.346103
0.241900	-1.117652	0.345991
0.242000	-1.117985	0.345879
0.242100	-1.118317	0.345767
0.242200	-1.118650	0.345656
0.242300	-1.118982	0.345544
0.242400	-1.119314	0.345432
0.242500	-1.119646	0.345320
0.242600	-1.119978	0.345208
0.242700	-1.120310	0.345096
0.242800	-1.120642	0.344984
0.242900	-1.120974	0.344872
0.243000	-1.121305	0.344760
0.243100	-1.121637	0.344647
0.243200	-1.121968	0.344535
0.243300	-1.122300	0.344423
0.243400	-1.122631	0.344311
0.243500	-1.122962	0.344198
0.243600	-1.123293	0.344086
0.243700	-1.123624	0.343974
0.243800	-1.123954	0.343861
0.243900	-1.124285	0.343749
0.244000	-1.124616	0.343637
0.244100	-1.124946	0.343524
0.244200	-1.125276	0.343412
0.244300	-1.125607	0.343299
0.244400	-1.125937	0.343186
0.244500	-1.126267	0.343074
0.244600	-1.126597	0.342961
0.244700	-1.126927	0.342849
0.244800	-1.127256	0.342736
0.244900	-1.127586	0.342623
0.245000	-1.127916	0.342510
0.245100	-1.128245	0.342397
0.245200	-1.128574	0.342285
0.245300	-1.128904	0.342172
0.245400	-1.129233	0.342059
0.245500	-1.129562	0.341946
0.245600	-1.129891	0.341833
0.245700	-1.130219	0.341720
0.245800	-1.130548	0.341607
0.245900	-1.130877	0.341494
0.246000	-1.131205	0.341381
0.246100	-1.131533	0.341268
0.246200	-1.131862	0.341154
0.246300	-1.132190	0.341041
0.246400	-1.132518	0.340928
0.246500	-1.132846	0.340815
0.246600	-1.133174	0.340701
0.246700	-1.133501	0.340588
0.246800	-1.133829	0.340475
0.246900	-1.134157	0.340361
0.247000	-1.134484	0.340248
0.247100	-1.134811	0.340134
0.247200	-1.135139	0.340021
0.247300	-1.135466	0.339907
0.247400	-1.135793	0.339794
0.247500	-1.136120	0.339680
0.247600	-1.136446	0.339567
0.247700	-1.136773	0.339453
0.247800	-1.137100	0.339339
0.247900	-1.137426	0.339226
0.248000	-1.137753	0.339112
0.248100	-1.138079	0.338998
0.248200	-1.138405	0.338884
0.248300	-1.138731	0.338770
0.248400	-1.139057	0.338656
0.248500	-1.139383	0.338542
0.248600	-1.139709	0.338